903
844
547
195
996
444
305
929
931
607
589
138
139
391
744
170
296
150
360
888
973
929
414
317
356
953
1
513
783
373
18
984
754
518
309
559
870
559
507
101
597
90
429
805
334
927
920
484
16
432
931
619
35
109
349
659
43
309
193
673
369
763
864
864
45
849
443
976
967
169
60
107
819
535
942
943
915
697
255
72
796
355
143
690
413
570
188
181
399
520
712
6
449
828
700
652
711
545
526
365
849
703
796
431
440
33
15
297
545
946
798
76
381
902
926
569
998
986
764
928
43
889
819
766
967
715
771
554
39
262
333
935
256
374
196
822
152
751
701
137
184
686
561
532
63
871
371
255
577
887
995
387
832
827
503
553
782
239
295
590
850
112
161
89
51
495
134
68
52
558
975
680
276
646
921
717
302
709
918
949
161
442
146
525
833
87
289
459
784
420
643
596
907
345
671
899
476
870
160
970
445
187
761
142
320
735
511
266
347
230
459
733
938
882
587
553
134
31
655
405
142
539
197
172
842
591
27
558
697
86
235
867
51
280
102
757
17
584
816
904
848
844
42
892
295
309
894
644
739
275
909
653
593
394
816
9
565
736
274
337
930
953
933
416
304
636
579
795
947
783
117
613
683
639
758
74
239
949
548
533
359
548
223
576
587
491
721
395
900
161
172
353
307
343
52
110
862
558
374
82
932
418
338
191
163
114
173
686
469
325
498
198
927
635
75
758
215
632
418
473
427
443
803
925
951
776
198
766
589
707
503
95
774
250
20
553
209
348
663
816
303
243
490
119
684
861
680
861
418
879
998
517
966
666
348
902
9
656
172
480
930
68
109
3
203
783
907
265
356
209
643
857
521
129
249
60
786
32
853
147
253
476
996
768
354
951
952
904
240
567
801
830
101
272
993
512
345
553
112
591
668
804
976
410
609
523
254
772
791
102
651
522
502
591
260
811
482
759
773
533
952
787
711
332
593
750
869
309
638
660
107
652
593
218
63
965
455
465
442
602
290
38
182
166
268
435
654
240
666
605
345
522
80
120
819
512
986
277
728
228
713
984
99
485
176
960
827
787
993
917
287
820
290
856
432
710
635
528
998
12
229
418
180
662
464
418
170
36
701
480
620
326
519
918
144
301
756
28
916
323
502
661
745
144
333
975
1000
247
368
338
372
143
103
825
497
655
233
706
164
417
975
106
565
446
79
37
745
735
392
739
278
169
907
40
10
294
511
739
429
381
479
951
367
695
984
138
366
11
386
289
938
634
130
351
913
63
773
962
937
500
989
638
827
584
710
85
669
482
210
803
551
336
570
704
988
292
728
142
257
942
761
894
748
893
522
76
534
230
72
605
354
345
392
230
422
569
250
536
202
258
101
69
837
752
133
49
181
984
409
482
775
984
856
730
992
540
534
226
775
963
954
10
793
944
691
850
614
42
742
741
771
678
809
714
49
648
506
790
623
428
945
664
346
996
254
687
572
336
304
922
414
63
995
106
669
133
913
132
129
305
820
287
417
787
617
998
7
241
158
926
358
162
381
418
771
781
533
557
219
916
595
625
280
898
958
703
425
45
893
737
951
667
76
691
179
217
322
914
924
691
142
121
153
107
638
210
23
767
927
532
139
885
674
803
49
486
461
965
562
541
236
484
540
169
871
582
437
674
186
578
563
33
48
84
578
531
522
158
289
774
885
907
243
764
637
286
196
68
961
69
419
244
203
844
992
814
190
131
799
448
118
410
44
256
218
46
477
809
697
234
214
796
555
710
565
772
562
143
877
504
397
748
606
634
517
451
114
854
579
692
42
556
732
288
609
723
107
267
206
167
